1000
639.7874 25.9857 275.7543 223.9875 736.7347 677.3486 892.4172 87.2759 601.5202 708.4116
29.5606 970.0763 832.7236 213.208 182.4777 184.223 305.1098 525.6419 432.464 292.0592
612.3168 140.2319 292.8361 367.1264 456.6385 785.4988 200.4132 514.8697 593.4184 47.165
608.2045 171.4939 60.1009 385.7486 484.7797 836.4253 31.9547 508.8256 65.5908 67.8711
965.7482 120.3533 133.5852 940.6698 945.7431 20.3093 325.7554 380.0886 128.3283 83.1818
496.0645 186.4187 40.7188 66.2415 628.7513 881.0827 94.7573 844.208 76.5492 41.3503
116.5861 885.6434 229.4795 352.4134 40.5898 322.8465 597.5583 913.3421 98.7186 230.9392
67.3195 244.6295 197.8091 101.4082 173.8617 90.8712 110.0247 218.4285 75.9806 805.1114
33.0039 123.6304 905.748 763.597 101.0718 190.5471 270.8143 534.6547 167.3115 979.7925
542.4578 30.6865 242.062 138.8353 529.6206 433.8298 565.4183 98.7997 733.9789 203.2212
651.9892 46.8524 815.176 102.1643 895.845 284.4223 993.4158 57.0673 252.1226 211.2335
315.655 496.9922 411.3323 151.0543 321.7336 673.2384 316.5916 461.2721 82.3592 116.9208
739.053 50.1473 349.5293 303.4984 899.4088 181.7915 289.8732 239.3876 298.5367 763.856
190.2804 577.8329 822.463 323.5786 863.3601 24.5956 461.3442 417.8465 528.2323 931.5794
294.0205 183.1767 868.5132 770.8351 685.2982 721.4939 157.9408 300.9169 778.6947 523.5113
556.7648 376.6215 540.3562 135.0934 69.2132 24.3644 680.129 193.3082 189.9174 721.6706
925.3229 46.9038 522.6953 794.7578 305.8082 770.9312 795.5392 787.8926 779.6231 668.6186
867.2289 123.5042 201.2743 618.3683 487.6258 791.7334 329.8373 630.9575 873.9167 520.1554
804.8877 74.4534 856.8488 474.0531 384.9757 325.2954 62.1559 369.3896 908.4344 711.1685
222.1812 516.4802 851.3533 118.6657 764.5516 630.4309 685.875 143.6125 159.9579 735.6329
642.1466 573.7196 669.9322 799.3085 240.2443 631.5303 621.5746 801.3582 72.8465 143.4357
694.0269 494.6293 847.7818 196.2238 692.6517 742.6074 532.9092 367.6257 662.9015 628.2713
46.0645 831.6022 623.5516 26.6806 317.0792 562.3668 535.4347 433.9157 881.0827 94.7573
844.208 76.5492 41.3503 116.5861 885.6434 229.4795 352.4134 40.5898 322.8465 597.5583
913.3421 98.7186 230.9392 67.3195 244.6295 197.8091 101.4082 173.8617 90.8712 110.0247
218.4285 75.9806 805.1114 33.0039 123.6304 905.748 763.597 101.0718 190.5471 270.8143
534.6547 167.3115 979.7925 542.4578 30.6865 242.062 138.8353 529.6206 433.8298 565.4183
98.7997 733.9789 203.2212 651.9892 46.8524 815.176 102.1643 895.845 284.4223 993.4158
57.0673 252.1226 211.2335 315.655 496.9922 411.3323 151.0543 321.7336 673.2384 316.5916
461.2721 82.3592 116.9208 739.053 50.1473 349.5293 303.4984 899.4088 181.7915 289.8732
239.3876 298.5367 763.856 190.2804 577.8329 822.463 323.5786 863.3601 24.5956 461.3442
417.8465 528.2323 931.5794 294.0205 183.1767 868.5132 770.8351 685.2982 721.4939 157.9408
300.9169 778.6947 523.5113 556.7648 376.6215 540.3562 135.0934 69.2132 24.3644 680.129
193.3082 189.9174 721.6706 925.3229 46.9038 522.6953 794.7578 305.8082 770.9312 795.5392
787.8926 779.6231 668.6186 867.2289 123.5042 201.2743 618.3683 487.6258 791.7334 329.8373
630.9575 873.9167 520.1554 804.8877 74.4534 856.8488 474.0531 384.9757 325.2954 62.1559
369.3896 908.4344 711.1685 222.1812 516.4802 851.3533 118.6657 764.5516 630.4309 685.875
143.6125 159.9579 735.6329 642.1466 573.7196 669.9322 799.3085 240.2443 631.5303 621.5746
801.3582 72.8465 143.4357 694.0269 494.6293 847.7818 196.2238 692.6517 742.6074 532.9092
367.6257 662.9015 628.2713 46.0645 831.6022 623.5516 26.6806 317.0792 562.3668 535.4347
433.9157 881.0827 94.7573 844.208 76.5492 41.3503 116.5861 885.6434 229.4795 352.4134
40.5898 322.8465 597.5583 913.3421 98.7186 230.9392 67.3195 244.6295 197.8091 101.4082
173.8617 90.8712 110.0247 218.4285 75.9806 805.1114 33.0039 123.6304 905.748 763.597
101.0718 190.5471 270.8143 534.6547 167.3115 979.7925 542.4578 30.6865 242.062 138.8353
529.6206 433.8298 565.4183 98.7997 733.9789 203.2212 651.9892 46.8524 815.176 102.1643
895.845 284.4223 993.4158 57.0673 252.1226 211.2335 315.655 496.9922 411.3323 151.0543
321.7336 673.2384 316.5916 461.2721 82.3592 116.9208 739.053 50.1473 349.5293 303.4984
899.4088 181.7915 289.8732 239.3876 298.5367 763.856 190.2804 577.8329 822.463 323.5786
863.3601 24.5956 461.3442 417.8465 528.2323 931.5794 294.0205 183.1767 868.5132 770.8351
685.2982 721.4939 157.9408 300.9169 778.6947 523.5113 556.7648 376.6215 540.3562 135.0934
69.2132 24.3644 680.129 193.3082 189.9174 721.6706 925.3229 46.9038 522.6953 794.7578
305.8082 770.9312 795.5392 787.8926 779.6231 668.6186 867.2289 123.5042 201.2743 618.3683
487.6258 791.7334 329.8373 630.9575 873.9167 520.1554 804.8877 74.4534 856.8488 474.0531
384.9757 325.2954 62.1559 369.3896 908.4344 711.1685 222.1812 516.4802 851.3533 118.6657
764.5516 630.4309 685.875 143.6125 159.9579 735.6329 642.1466 573.7196 669.9322 799.3085
240.2443 631.5303 621.5746 801.3582 72.8465 143.4357 694.0269 494.6293 847.7818 196.2238
692.6517 742.6074 532.9092 367.6257 662.9015 628.2713 46.0645 831.6022 623.5516 26.6806
317.0792 562.3668 535.4347 433.9157 881.0827 94.7573 844.208 76.5492 41.3503 116.5861
885.6434 229.4795 352.4134 40.5898 322.8465 597.5583 913.3421 98.7186 230.9392 67.3195
244.6295 197.8091 101.4082 173.8617 90.8712 110.0247 218.4285 75.9806 805.1114 33.0039
123.6304 905.748 763.597 101.0718 190.5471 270.8143 534.6547 167.3115 979.7925 542.4578
30.6865 242.062 138.8353 529.6206 433.8298 565.4183 98.7997 733.9789 203.2212 651.9892
46.8524 815.176 102.1643 895.845 284.4223 993.4158 57.0673 252.1226 211.2335 315.655
496.9922 411.3323 151.0543 321.7336 673.2384 316.5916 461.2721 82.3592 116.9208 739.053
50.1473 349.5293 303.4984 899.4088 181.7915 289.8732 239.3876 298.5367 763.856 190.2804
577.8329 822.463 323.5786 863.3601 24.5956 461.3442 417.8465 528.2323 931.5794 294.0205
183.1767 868.5132 770.8351 685.2982 721.4939 157.9408 300.9169 778.6947 523.5113 556.7648
376.6215 540.3562 135.0934 69.2132 24.3644 680.129 193.3082 189.9174 721.6706 925.3229
46.9038 522.6953 794.7578 305.8082 770.9312 795.5392 787.8926 779.6231 668.6186 867.2289
123.5042 201.2743 618.3683 487.6258 791.7334 329.8373 630.9575 873.9167 520.1554 804.8877
74.4534 856.8488 474.0531 384.9757 325.2954 62.1559 369.3896 908.4344 711.1685 222.1812
516.4802 851.3533 118.6657 764.5516 630.4309 685.875 143.6125 159.9579 735.6329 642.1466
573.7196 669.9322 799.3085 240.2443 631.5303 621.5746 801.3582 72.8465 143.4357 694.0269
494.6293 847.7818 196.2238 692.6517 742.6074 532.9092 367.6257 662.9015 628.2713 46.0645
831.6022 623.5516 26.6806 317.0792 562.3668 535.4347 433.9157 881.0827 94.7573 844.208
76.5492 41.3503 116.5861 885.6434 229.4795 352.4134 40.5898 322.8465 597.5583 913.3421
98.7186 230.9392 67.3195 244.6295 197.8091 101.4082 173.8617 90.8712 110.0247 218.4285
75.9806 805.1114 33.0039 123.6304 905.748 763.597 101.0718 190.5471 270.8143 534.6547
167.3115 979.7925 542.4578 30.6865 242.062 138.8353 529.6206 433.8298 565.4183 98.7997
733.9789 203.2212 651.9892 46.8524 815.176 102.1643 895.845 284.4223 993.4158 57.0673
252.1226 211.2335 315.655 496.9922 411.3323 151.0543 321.7336 673.2384 316.5916 461.2721
82.3592 116.9208 739.053 50.1473 349.5293 303.4984 899.4088 181.7915 289.8732 239.3876
298.5367 763.856 190.2804 577.8329 822.463 323.5786 863.3601 24.5956 461.3442 417.8465
528.2323 931.5794 294.0205 183.1767 868.5132 770.8351 685.2982 721.4939 157.9408 300.9169
778.6947 523.5113 556.7648 376.6215 540.3562 135.0934 69.2132 24.3644 680.129 193.3082
189.9174 721.6706 925.3229 46.9038 522.6953 794.7578 305.8082 770.9312 795.5392 787.8926
779.6231 668.6186 867.2289 123.5042 201.2743 618.3683 487.6258 791.7334 329.8373 630.9575
873.9167 520.1554 804.8877 74.4534 856.8488 474.0531 384.9757 325.2954 62.1559 369.3896
908.4344 711.1685 222.1812 516.4802 851.3533 118.6657 764.5516 630.4309 685.875 143.6125
159.9579 735.6329 642.1466 573.7196 669.9322 799.3085 240.2443 631.5303 621.5746 801.3582
72.8465 143.4357 694.0269 494.6293 847.7818 196.2238 692.6517 742.6074 532.9092 367.6257
662.9015 628.2713 46.0645 831.6022 623.5516 26.6806 317.0792 562.3668 535.4347 433.9157
881.0827 94.7573 844.208 76.5492 41.3503 116.5861 885.6434 229.4795 352.4134 40.5898
322.8465 597.5583 913.3421 98.7186 230.9392 67.3195 244.6295 197.8091 101.4082 173.8617
90.8712 110.0247 218.4285 75.9806 805.1114 33.0039 123.6304 905.748 763.597 101.0718
190.5471 270.8143 534.6547 167.3115 979.7925 542.4578 30.6865 242.062 138.8353 529.6206
433.8298 565.4183 98.7997 733.9789 203.2212 651.9892 46.8524 815.176 102.1643 895.845
284.4223 993.4158 57.0673 252.1226 211.2335 315.655 496.9922 411.3323 151.0543 321.7336
673.2384 316.5916 461.2721 82.3592 116.9208 739.053 50.1473 349.5293 303.4984 899.4088
181.7915 289.8732 239.3876 298.5367 763.856 190.2804 577.8329 822.463 323.5786 863.3601
24.5956 461.3442 417.8465 528.2323 931.5794 294.0205 183.1767 868.5132 770.8351 685.2982
721.4939 157.9408 300.9169 778.6947 523.5113 556.7648 376.6215 540.3562 135.0934 69.2132
24.3644 680.129 193.3082 189.9174 721.6706 925.3229 46.9038 522.6953 794.7578 305.8082
770.9312 795.5392 787.8926 779.6231 668.6186 867.2289 123.5042 201.2743 618.3683 487.6258
791.7334 329.8373 630.9575 873.9167 520.1554 804.8877 74.4534 856.8488 474.0531 384.9757
325.2954 62.1559 369.3896 908.4344 711.1685 222.1812 516.4802 851.3533 118.6657 764.5516
630.4309 685.875 143.6125 159.9579 735.6329 642.1466 573.7196 669.9322 799.3085 240.2443
631.5303 621.5746 801.3582 72.8465 143.4357 694.0269 494.6293 847.7818 196.2238 692.6517
742.6074 532.9092 367.6257 662.9015 628.2713 46.0645 831.6022 623.5516 26.6806 317.0792
562.3668 535.4347 433.9157 881.0827 94.7573 844.208 76.5492 41.3503 116.5861 885.6434
229.4795 352.4134 40.5898 322.8465 597.5583 913.3421 98.7186 230.9392 67.3195 244.6295
197.8091 101.4082 173.8617 90.8712 110.0247 218.4285 75.9806 805.1114 33.0039 123.6304
905.748 763.597 101.0718 190.5471 270.8143 534.6547 167.3115 979.7925 542.4578 30.6865
